camera_matrix:
  cx: 975.827163184693
  cy: 503.53222287076716
  fx: 1026.69604443577
  fy: 1026.367373404545
distortion:
  k1: 0.03327152076648402
  k2: -0.056348957633096816
  k3: 0.01927375616956139
  p1: -0.00017735219391393548
  p2: 0.0019595228346090377
image_size:
  height: 1080
  width: 1920
rms_error_pixels: 1.318959196897167
