camera_matrix:
  cx: 971.4394718324335
  cy: 500.7474682948883
  fx: 1023.269426305796
  fy: 1020.8652994742015
distortion:
  k1: 0.022824695081791843
  k2: -0.04454270680147947
  k3: 0.014061970894820286
  p1: -0.0008751522909951658
  p2: 0.00160911375729352
image_size:
  height: 1080
  width: 1920
rms_error_pixels: 0.6483311884158712
